latest
preview
untagged-07975939a886349039e3
20220902.171550
20220902.184948
20220902.223633
20220902.234611
20220903.234536
20220904.234530
20220905.234635
20220906.220315
20220907.153412
20220914.195955
20220915.155258
20220915.212746
20220926.214521
20220927.120858
20221006.184708
20221007.164139
20221011.221623
20221012.122642
20221012.170802
20221028.145206
20221030.133143
20221101.121516
20221101.195551
20221102.124906
20230411.134651
20230411.142626
20230411.151757
20230412.215827
20230414.193049
20230414.212135
20230414.233158
20230415.004809
20230416.134224
20230417.134857
20230419.154859
20230426.132305
20230519.121241
20230519.141404
20230610.020915
20230705.151418
20230726.172152
20230728.201629
20230802.201942
20230803.010531
20230804.051529
20230807.215437
20230808.023642
20230809.001412
20230810.185023
20230811.005723
20230818.201840
20230819.172041
20230822.183338
20231114.014759
20231122.173727
20231123.052909
20231202.180431
20231207.000736
20231212.115551
20231212.141359
20231212.204957
20231221.043616
20240105.001117
20240110.004803
20240113.162258
20240118.051115
20240131.011506
20240214.083125
20240221.200310
20240221.225255
20240222.170811
20240225.012348
20240225.185555
20240226.201141
20240229.194233
20240229.224627
20240301.064932
20240306.004437
20240404.191401
20240412.201310
20240416.230836
20240417.202956
20240418.204120
20240418.224303
20240419.174013
20240419.201457
20240423.004919
20240423.225218
20240425.162913
20240426.060115
20240426.161709
20240426.164958
20240501.211735
20240514.034002
20240517.150655
20240519.171303
20240527.013410
20240530.025536
20240531.205304
20240608.045857
20240611.175828
20240612.192547
20240613.161837
20240619.150923
20240621.021155
20240622.025020
20240622.041636
20240622.175313
20240625.180251
20240629.003223
20240703.205424
20240706.000743
20240707.223525
20240708.043754
20240708.204303
20240712.145520
20240717.215809
20240718.024120
20240720.013806
20240721.205622
20240722.161957
20240723.042602
20240724.002934
20240724.163121
20240727.004920
20240730.201534
20240805.180013
20240829.213542
20240903.232545
20240909.050341
20240913.145224
20240913.151534
20240913.185404
20240913.195555
20240914.212843
20240916.191001
20240917.000045
20240917.185546
20240918.013533
20240918.024731
20240918.130235
20240918.181529
20240918.212407
20240920.002921
20240920.130650
20240920.155419
20240924.214312
20240925.112658
20240927.211637
20240930.162813
20241001.023343
20241001.122744
20241001.144851
20241001.233553
20241002.021023
20241002.223239
20241003.015603
20241003.100548
20241003.180057
20241009.223556
20241010.115758
20241011.144751
20241011.154151
20241011.214113
20241011.222631
20241012.145532
20241014.165319
20241015.001805
20241015.215552
20241016.213111
20241016.225027
20241017.001310
20241019.104722
20241019.160345
20241020.192108
20241020.222143
20241021.182006
20241021.190629
20241022.162829
20241023.022220
20241023.060224
20241023.064747
20241023.110839
20241024.111314
20241024.230134
20241026.001124
20241026.032837
20241027.025511
20241027.171426
20241027.175840
20241028.172107
20241031.004400
20241031.173319
20241031.201026
20241102.212319
20241102.221542
20241105.214334
20241106.002530
20241110.173309
20241111.041916
20241111.053656
20241114.145315
20241115.195355
20241116.191908
20241118.125918
20241118.141851
20241118.201330
20241119.131520
20241120.232849
20241121.020421
20241121.192545
20241122.183900
20241122.192458
20241124.002021
20241124.010025
20241126.235814
20241127.064915
20241203.142324
20241204.025112
20241204.044834
20241204.134330
20241204.200958
20241204.213949
20241205.041725
20241207.002314
20241207.015635
20241212.213040
20241214.042757
20241217.174649
20241217.194816
20241218.170725
20241218.175126
20241223.215854
20241226.180315
20241228.040508
20250104.192307
20250104.203151
20250107.013851
20250113.203625
20250116.160044
20250116.200145
20250118.193446
20250118.202641
20250121.135143
20250123.170540
20250124.000221
20250124.003144
20250127.001332
20250127.170539
20250127.173654
20250131.033638
20250201.213213
20250202.171637
20250202.185950
20250203.164333
20250204.225122
20250205.003405
20250205.144852
20250205.180712
20250206.220349
20250206.233750
20250207.223946
20250208.182213
20250208.191845
20250208.211843
20250208.214650
20250211.162917
20250212.143321
20250212.150759
20250212.153408
20250212.195735
20250212.201956
20250213.160803
20250213.164426
20250214.041948
20250214.052118
20250214.211536
20250215.193307
20250215.195510
20250216.191643
20250218.232338
20250220.231233
20250221.051402
20250221.161947
20250222.163844
20250222.172657
20250224.221833
20250225.001836
20250225.175226
20250226.145352
20250228.071207
20250303.233126
20250304.025655
20250304.032844
20250305.193551
20250305.200726
3.3
3.4
3.5
3.6
3.7
3.07.08
3.8
3.31
3.32
3.41
3.42
3.43a
3.43
3.44
3.45
3.51
3.61
3.62
3.63
3.65
3.71
3.72
4.0
4.01
4.1
4.02
4.2
4.03
4.11
4.12
4.21
4.22
4.23
4.30
4.31
4.32
4.40
4,50
4.50
4.60
4.61
4.65
4.70
4.71
4.72
4.80
4.81
4.82
4.83
4.84
4.85
4.86
4.87
4.88
4.89
4.90
4.91
4.92
4.93
4.94
4.95
4.96
4.97
4.98
4.99
5.0
5.01
5.02
5.03
5.04
5.05
5.06
5.07
5.08
5.09
5.10
5.11
5.20
5.21
5.22
5.23
5.24
5.30
5.31
5.32
5.33
6.00
6.01
6.02
6.03
6.04
6.05
6.5
6.06
6.07
6.08
6.09
6.10
6.11
6.12
6.13
6.14
6.15
6.16
6.17
6.18
6.20
6.21
6.22
6.23
6.24
6.25
6.31
6.40
6.41
6.42
6.50
6.51
6.52
6.53
6.54
6.55
6.56
6.57
6.58
7.0.0
7.00.02
7.00.03
7.00.08
7.00.10
7.00.13
7.00.15
7.00.16
7.00.17
7.00.18
7.00.19
7.00.23
7.00.24
7.00.25
7.00.26
7.00.27
7.00.28
7.00.29
7.00.30
7.00.31
7.00.32
7.00.33
7.00.34
7.00.35
7.00.36
7.00.37
7.00.38
7.00.39
7.00.40
7.01.00
7.01.01
7.01.02
7.01.03
7.01.04
7.02.00
7.02.02
7.02.03
7.02.04
7.02.05
7.02.06
7.02.07
7.02.08
7.02.09
7.02.11
7.03.00
7.03.01
7.03.02
7.03.03
7.03.04
7.03.05
7.03.06
7.03.07
7.03.08
7.03.09
7.04.00
7.04.01
7.04.02
7.04.03
7.04.04
7.05.00
7.05.01
7.05.02
7.05.03
7.05.04
7.05.05
7.05.06
7.05.07
7.05.08
